OTUId	2_12	2_9	2_3	2_6	1_12	Ferrihydrite	Heavy	Kaolinite	1_6	1_9	Quartz	1_3
65_669	1	0	0	0	1	0	0	0	0	0	0	0
41_506	1	0	0	0	0	0	0	0	0	0	0	0
56_65	1	0	0	0	0	0	0	0	0	0	0	0
21_143124	1	0	0	0	0	0	0	0	0	0	0	0
7_262	1	0	0	0	0	0	0	0	0	0	0	0
67.2_1156	2	1	0	0	0	0	0	0	0	0	0	1
100_89871	2	0	0	0	0	0	0	0	0	0	0	0
69.2_296	1	0	0	0	0	0	0	0	0	0	0	0
7_421	4	0	0	0	1	0	0	0	0	0	0	0
13_245438	1	0	0	0	0	0	0	0	0	0	0	0
59_35480	1	0	0	0	1	0	0	0	0	0	0	0
64_75	1	0	0	0	0	0	0	0	0	0	0	0
80_83	1	0	0	0	1	0	0	0	0	1	0	0
44_107	1	0	0	0	1	0	0	0	0	0	0	0
103_43	5	1	0	0	0	0	0	0	0	0	0	0
79_292	2	0	0	1	0	0	0	0	0	0	0	0
74.2_184697	1	0	0	0	0	0	0	0	0	0	0	0
62_48	5	0	0	0	0	0	0	0	0	1	0	0
71.2_700201	1	0	0	0	0	0	0	0	0	0	0	0
70_162	1	0	0	0	0	0	0	0	0	0	0	0
96_1038	1	0	0	0	0	0	0	0	0	0	0	0
49_2408	1	0	0	0	0	0	0	0	0	0	0	0
28_252	1	0	0	0	0	0	0	0	0	0	0	0
13_61	1	0	0	0	0	0	0	0	0	0	0	0
19_66	1	0	0	0	0	0	0	0	0	0	0	0
74.2_42	0	2	0	1	1	0	0	0	1	0	0	0
44_4257	1	0	0	0	0	0	0	0	0	0	0	0
15_14269	1	0	0	0	0	0	0	0	0	0	0	0
89_38255	1	1	0	0	0	0	0	0	0	0	0	0
62_409	2	0	0	0	0	0	0	0	0	0	0	0
58_167	1	0	0	0	0	0	0	0	0	0	0	0
52_609	6	0	0	0	0	0	0	0	0	0	0	0
91_150445	1	0	0	0	0	0	0	0	0	0	0	0
28_125	1	0	0	0	0	0	0	0	0	0	0	0
56_9	1	0	0	0	0	0	0	0	0	0	0	0
59_138	1	0	0	0	0	0	0	0	0	0	0	0
28_317	1	1	0	0	0	0	0	0	0	0	0	0
69.2_6056	1	0	0	0	0	0	0	0	0	1	0	0
74.2_3548	0	1	0	0	0	0	0	0	0	0	0	0
13_1198	1	0	0	0	0	0	0	0	0	0	0	0
55_65686	0	1	0	0	0	0	0	0	0	0	0	0
69_735	1	0	0	0	0	0	0	0	0	0	0	0
53_7	2	0	0	0	0	0	0	0	0	0	0	0
49_6248	1	0	0	0	0	0	0	0	0	0	0	0
96_2555	2	0	0	0	0	0	0	0	0	0	0	0
1_601	1	0	0	0	0	0	0	0	0	0	0	0
61_13110	1	0	0	0	0	0	0	0	0	0	0	0
38_1576	0	0	1	0	0	0	0	0	0	0	0	0
19_3304	1	0	0	0	0	0	0	0	0	0	0	0
7_305	1	0	0	0	0	0	0	0	0	0	0	0
27_261279	1	0	0	0	0	0	0	0	0	0	0	0
58_23131	1	0	0	0	0	0	0	0	0	0	0	0
65_2101	1	0	0	0	0	0	0	0	0	0	0	0
55_63322	1	0	0	0	0	0	0	0	0	0	0	0
83_765	0	0	0	1	0	0	0	0	0	0	0	0
99_24641	2	0	0	0	0	0	0	0	0	0	0	0
26_6438	0	0	0	0	0	1	0	0	0	0	0	0
74.2_5187	2	0	0	0	0	0	0	0	0	0	0	0
73.2_771	2	0	0	0	0	0	0	0	0	0	0	0
69_2370	0	0	0	0	1	0	0	0	0	0	0	0
40_14026	0	0	0	0	0	1	0	0	0	0	0	0
71_27748	0	1	0	0	0	0	0	0	0	0	0	0
70.2_1283	0	0	0	0	0	1	0	0	0	0	0	0
49_45473	2	0	0	1	0	0	0	0	0	0	0	0
23_1798	1	0	0	0	0	0	0	0	0	0	0	0
52_726	0	0	0	0	0	1	0	0	0	0	0	0
23_474	0	0	0	0	0	1	0	0	0	0	0	0
61_1062	0	0	0	0	0	1	0	0	0	0	0	0
4_39	0	0	0	0	0	1	0	0	0	0	0	0
10_132791	0	0	0	0	0	1	0	0	0	0	0	0
7_1381	0	0	0	0	1	0	0	0	0	0	0	0
71_16493	0	0	0	0	0	0	1	0	0	0	0	0
64_15135	0	0	0	0	0	1	0	0	0	0	0	0
70.2_9706	1	0	0	0	0	0	0	0	0	0	0	0
7_4011	0	0	0	0	0	1	0	0	0	0	0	0
59_10123	0	0	0	0	1	0	0	0	0	0	0	0
77.2_46	0	0	0	0	0	1	0	0	0	0	0	0
67_141	0	0	0	0	1	0	0	0	0	0	0	0
17_166853	1	0	0	0	0	0	0	0	0	0	0	0
75.2_7285	0	0	0	1	0	0	0	0	0	0	0	0
53_168466	1	0	0	0	0	0	0	0	0	0	0	0
68_1350716	0	0	0	0	0	1	0	0	0	0	0	0
69.2_2943	0	0	0	0	0	1	0	0	0	0	0	0
72.2_158802	0	0	0	0	1	0	0	0	0	0	0	0
76_1221	0	0	0	0	0	1	0	0	0	0	0	0
26_909	0	0	0	0	1	0	0	0	0	0	0	0
28_97969	0	0	0	0	0	1	0	0	0	0	0	0
75_3102	0	0	0	0	0	1	0	0	0	0	0	0
28_16045	0	0	0	0	0	1	0	0	0	0	0	0
69_37621	1	0	0	0	0	0	0	0	0	0	0	0
67.2_4675	0	0	0	0	0	1	0	0	0	0	0	0
44_4657	0	0	0	0	1	0	0	0	0	0	0	0
69.2_63145	0	0	0	0	0	1	0	0	0	0	0	0
8_5823	0	0	0	0	0	1	0	0	0	0	0	0
72.2_12524	0	0	0	0	0	1	0	0	0	0	0	0
73_154898	0	0	0	0	0	1	0	0	0	0	0	0
55_1822	1	0	0	0	0	0	0	0	0	0	0	0
7_22632	0	0	0	0	0	1	0	0	0	0	0	0
1_4779	0	0	0	0	0	1	0	0	0	0	0	0
69.2_56617	0	0	0	0	0	0	1	0	0	0	0	0
67_8328	0	0	0	0	1	0	0	0	1	0	0	0
68.2_731643	1	0	0	0	0	0	0	0	0	0	0	0
61_124287	0	0	0	0	0	1	0	0	0	0	0	0
26_127	0	0	0	0	0	1	0	0	0	0	0	0
65_9327	0	0	0	1	0	0	0	0	0	0	0	0
67_7750	0	0	0	0	0	0	0	1	0	0	0	0
69.2_10371	0	0	0	0	0	0	0	1	0	0	0	0
50_9274	0	0	0	0	0	1	0	0	0	0	0	0
7_147561	0	0	0	0	0	0	1	0	0	0	0	0
21_122181	0	0	0	0	0	0	1	0	0	0	0	0
3_4113	0	0	0	0	0	0	0	1	0	0	0	0
71_7344	0	0	0	0	0	0	1	0	0	0	0	0
3_102144	0	0	0	0	0	1	0	0	0	0	0	0
10_77834	0	0	0	0	0	0	0	1	0	0	0	0
3_129868	0	0	0	0	0	0	0	1	0	0	0	0
52_270336	0	0	0	0	0	0	0	1	0	0	0	0
70_13351	0	0	0	0	0	1	0	0	0	0	0	0
1_4949	0	0	0	0	0	1	0	0	0	0	0	0
37_22491	0	0	0	0	0	0	0	1	0	0	0	0
1_55756	0	0	0	0	0	1	0	0	0	0	0	0
3_25567	0	0	0	0	0	0	0	1	0	0	0	0
76_5295	0	0	0	0	0	0	0	1	0	0	0	0
69_7226	0	0	0	0	0	1	0	0	0	0	0	0
67.2_18810	0	0	0	0	0	1	0	0	0	0	0	0
89_15230	0	0	0	0	0	1	0	0	0	0	0	0
21_14602	0	0	0	0	0	1	0	0	0	0	0	0
71_268655	0	0	0	0	0	0	0	1	0	0	0	0
58_48737	0	0	0	0	0	1	0	0	0	0	0	0
39_28098	0	0	0	0	0	1	0	0	0	0	0	0
67.2_46335	0	0	0	0	0	1	0	0	0	0	0	0
71.2_39510	0	0	0	0	0	0	0	1	0	0	0	0
73_27762	0	0	0	0	0	0	1	0	0	0	0	0
59_75785	0	0	0	0	0	1	0	0	0	0	0	0
65_726035	0	0	0	0	0	1	0	0	0	0	0	0
71_27539	0	0	0	0	0	0	0	1	0	0	0	0
75_27203	0	0	0	0	0	0	0	1	0	0	0	0
77.2_497030	0	0	0	0	0	0	1	0	0	0	0	0
10_482523	0	0	0	0	0	0	0	1	0	0	0	0
37_216752	0	0	0	0	0	0	0	1	0	0	0	0
93_701	0	0	0	0	0	1	0	0	0	0	0	0
70_49	0	0	0	0	0	1	0	0	0	0	0	0
76_3208	0	0	0	0	0	0	0	1	0	0	0	0
65_6240	0	0	0	0	0	1	0	0	0	0	0	0
61_1176	0	0	0	0	0	1	0	0	0	0	0	0
69_12283	0	0	0	0	0	0	0	1	0	0	0	0
71.2_14376	0	0	0	0	0	0	1	0	0	0	0	0
24_4012	0	0	0	0	0	1	0	0	0	0	0	0
49_13776	0	0	0	0	0	1	0	0	0	0	0	0
72.2_6370	0	0	0	0	0	1	0	0	0	0	0	0
7_8368	0	0	0	0	0	1	0	0	0	0	0	0
73.2_356804	0	0	0	0	0	0	0	1	0	0	0	0
23_1680	0	0	0	0	0	1	0	0	0	0	0	0
62_9944	0	0	0	0	0	1	0	0	0	0	0	0
73_11298	0	0	0	0	0	0	0	1	0	0	0	0
72_3573	0	0	0	0	0	1	0	0	0	0	0	0
1_2319	0	0	0	0	0	1	0	0	0	0	0	0
50_3812	0	0	0	0	0	1	0	0	0	0	0	0
75_29090	0	0	0	0	0	0	0	1	0	0	0	0
64_598	0	0	0	0	0	1	0	0	0	0	0	0
15_985	0	0	0	0	0	1	0	0	0	0	0	0
3_588268	0	0	0	0	0	0	0	1	0	0	0	0
74_103251	0	0	0	0	0	0	1	0	0	0	0	0
69_148947	0	0	0	0	0	1	0	0	0	0	0	0
73.2_99932	0	0	0	0	0	1	0	0	0	0	0	0
71_25781	0	0	0	0	0	0	0	1	0	0	0	0
66_41379	0	0	0	0	0	0	0	1	0	0	0	0
58_1106	0	0	0	0	0	1	0	0	0	0	0	0
37_20677	0	0	0	0	0	0	0	1	0	0	0	0
71.2_121490	0	0	0	0	0	0	0	1	0	0	0	0
80_13888	0	0	0	0	0	0	0	1	0	0	0	0
39_1781	0	0	0	0	0	1	0	0	0	0	0	0
69.2_12068	0	0	0	0	0	1	0	0	0	0	0	0
53_232697	0	0	0	0	0	1	0	0	0	0	0	0
55_2019	0	0	0	0	0	1	0	0	0	0	0	0
55_11072	0	0	0	0	0	1	0	0	0	0	0	0
64_6631	0	0	0	0	0	1	0	0	0	0	0	0
38_3860	0	0	0	0	0	1	0	0	0	0	0	0
73_44456	0	1	0	0	0	0	0	0	0	0	0	0
62_5505	0	0	0	0	0	1	0	0	0	0	0	0
69_14672	0	0	0	0	0	1	0	0	0	0	0	0
83_22352	0	0	0	0	0	0	0	1	0	0	0	0
19_15820	0	0	0	0	0	1	0	0	0	0	0	0
77_69104	0	0	0	0	0	1	0	0	0	0	0	0
52_29149	0	0	0	0	0	1	0	0	0	0	0	0
72.2_74792	0	0	0	0	0	1	0	0	0	0	0	0
71.2_14934	0	0	0	0	0	1	0	0	0	0	0	0
74.2_3363	0	0	0	0	0	1	0	0	0	0	0	0
74_4942	0	0	0	0	0	0	0	1	0	0	0	0
21_51127	0	0	0	0	0	0	1	0	0	0	0	0
59_3609	0	0	0	0	0	1	0	0	0	0	0	0
61_1522	0	0	0	0	0	1	0	0	0	0	0	0
67.2_5389	0	0	0	0	0	1	0	0	0	0	0	0
70_865	0	0	0	0	0	1	0	0	0	0	0	0
13_1814	0	0	0	0	0	1	0	0	0	0	0	0
89_2508	0	0	0	0	0	1	0	0	0	0	0	0
61_2682	0	0	0	0	0	1	0	0	0	0	0	0
74.2_519	0	0	0	0	0	0	1	0	0	0	0	0
39_20	0	0	0	0	0	1	0	0	0	0	0	0
55_8000	0	0	0	0	0	1	0	0	0	0	0	0
67.2_10132	0	0	0	0	0	1	0	0	0	0	0	0
75.2_25586	0	0	0	0	0	0	0	1	0	0	0	0
77.2_20040	0	0	0	0	0	1	0	0	0	0	0	0
4_31071	0	0	0	0	0	1	0	0	0	0	0	0
73_109152	0	0	0	0	0	1	0	0	0	0	0	0
3_236966	0	0	0	0	0	0	0	1	0	0	0	0
51_70882	0	0	0	0	0	0	1	0	0	0	0	0
50_14556	0	0	0	0	0	1	0	0	0	0	0	0
41_2876	0	0	0	0	0	1	0	0	0	0	0	0
26_6814	0	0	0	0	0	1	0	0	0	0	0	0
61_49926	0	0	0	0	0	0	0	1	0	0	0	0
65_23744	0	0	0	0	0	1	0	0	0	0	0	0
58_15968	0	0	0	0	0	0	1	0	0	0	0	0
41_36926	0	0	0	0	1	0	0	0	0	0	0	0
22_4336	0	0	0	0	0	0	1	0	0	0	0	0
91_30450	0	0	0	0	0	0	0	1	0	0	0	0
71_16156	0	0	0	0	0	0	0	1	0	0	0	0
21_55609	0	0	0	0	0	0	1	0	0	0	0	0
70_6364	0	0	0	0	0	1	0	0	0	0	0	0
4_9046	0	0	0	1	1	0	0	0	0	0	0	0
22_215	0	0	0	0	1	0	0	0	0	0	0	0
56_1002599	0	0	0	0	0	1	0	0	0	0	0	0
74.2_26633	0	0	0	0	0	1	0	0	0	0	0	0
79_241	0	0	0	0	0	1	0	0	0	0	0	0
75_324964	0	0	0	0	0	0	0	1	0	0	0	0
76.2_211531	0	0	0	0	0	1	0	0	0	0	0	0
64_8342	0	0	0	0	0	1	0	0	0	0	0	0
67.2_2456	0	0	0	0	0	0	1	0	0	0	0	0
38_6840	0	0	0	0	0	0	1	0	0	0	0	0
28_785	0	0	0	0	0	1	0	0	0	0	0	0
52_12417	0	0	0	0	0	1	0	0	0	0	0	0
65_16235	0	0	0	0	0	1	0	0	0	0	0	0
15_66648	0	0	0	0	0	1	0	0	0	0	0	0
9_33567	1	0	0	0	0	0	0	0	0	1	0	0
58_28377	0	0	0	0	0	0	1	0	0	0	0	0
58_3595	0	0	0	0	0	1	0	0	0	0	0	0
69.2_1826	0	0	0	0	0	1	0	0	0	0	0	0
67_57	0	0	0	0	0	1	0	0	0	0	0	0
67_3677	0	0	0	0	1	0	0	0	0	0	0	0
10_6031	0	0	0	0	0	1	0	0	0	0	0	0
59_1634	0	0	0	0	0	1	0	0	0	0	0	0
67.2_62	0	0	0	0	0	1	0	0	0	0	0	0
67_819	0	0	0	0	0	1	0	0	0	0	0	0
28_1362	0	0	0	0	0	1	0	0	0	0	0	0
72_29173	0	0	0	0	0	1	0	0	0	0	0	0
30_40162	0	0	0	0	0	0	0	1	0	0	0	0
69_33507	0	0	0	0	1	0	0	0	0	0	0	0
47_457099	0	0	0	0	0	1	0	0	0	0	0	0
38_182063	0	0	0	0	0	1	0	0	0	0	0	0
23_88397	0	0	0	0	0	1	0	0	0	0	0	0
22_71955	0	0	0	0	0	1	0	0	0	0	0	0
39_3976	0	0	0	0	0	1	0	0	0	0	0	0
19_88143	0	0	0	0	0	0	0	1	0	0	0	0
4_412	0	1	0	0	0	0	0	0	0	0	0	0
41_75280	0	0	0	0	0	1	0	0	0	0	0	0
3_67070	0	0	0	0	0	0	0	1	0	0	0	0
72.2_6578	0	0	0	0	0	1	0	0	0	0	0	0
71.2_31465	0	0	0	0	0	0	0	1	0	0	0	0
68.2_103071	0	0	0	0	0	0	0	1	0	0	0	0
15_29491	0	0	0	0	0	0	0	1	0	0	0	0
71_405	0	0	0	0	0	0	0	1	0	0	0	0
26_9582	0	0	0	0	0	1	0	0	0	0	0	0
59_936	0	0	0	0	0	1	0	0	0	0	0	0
73.2_4111	0	0	0	0	0	1	0	0	0	0	0	0
19_4810	0	0	0	0	0	1	0	0	0	0	0	0
61_7674	0	0	0	0	0	1	0	0	0	0	0	0
24_8216	0	0	0	0	0	1	0	0	0	0	0	0
76_12407	0	0	0	0	0	1	0	0	0	0	0	0
62_892	0	0	0	0	0	1	0	0	0	0	0	0
70_320	0	0	0	0	0	1	0	0	0	0	0	0
4_7334	0	0	0	0	0	1	0	0	0	0	0	0
49_92535	0	0	0	0	0	0	0	0	0	0	1	0
75_10608	0	0	0	0	0	0	0	1	0	0	0	0
38_74174	0	0	0	0	0	0	0	1	0	0	0	0
73_15500	0	0	0	0	0	0	0	1	0	0	0	0
7_10215	1	0	0	0	0	0	0	0	0	0	0	0
23_9548	0	0	0	0	0	0	0	1	0	0	0	0
70_251658	0	0	0	0	0	1	0	0	0	0	0	0
71_162864	0	0	0	0	0	0	0	1	0	0	0	0
39_212135	0	0	0	0	0	1	0	0	0	0	0	0
74.2_193	0	0	0	0	1	0	0	0	0	0	0	0
3_26054	0	0	0	0	0	0	0	1	0	0	0	0
72_44141	0	0	0	0	0	0	0	1	0	0	0	0
73.2_246598	0	0	0	0	0	0	0	1	0	0	0	0
70_2247	0	0	0	0	0	0	0	0	0	1	0	0
73_27956	0	0	0	0	0	0	0	1	0	0	0	0
55_254	1	0	0	0	0	0	0	0	0	0	0	0
75_119287	0	0	0	0	0	0	0	1	0	0	0	0
67.2_22346	0	0	0	0	0	1	0	0	0	0	0	0
58_98696	0	0	0	0	0	0	0	0	0	0	1	0
76.2_67899	0	0	0	0	0	0	0	1	0	0	0	0
71.2_72287	0	0	0	0	0	0	0	1	0	0	0	0
3_30191	0	0	0	0	0	0	0	1	0	0	0	0
43_12491	0	0	0	0	0	1	0	0	0	0	0	0
26_25438	0	0	0	0	0	0	0	0	0	1	0	0
21_139384	0	0	0	1	0	0	0	0	0	0	0	0
70_207600	0	0	0	0	0	1	0	0	0	0	0	0
3_251974	0	0	0	0	0	0	0	1	0	0	0	0
73_176134	0	0	0	0	0	0	0	1	0	0	0	0
72.2_92861	0	0	0	0	0	1	0	0	0	0	0	0
58_93423	0	0	0	0	0	1	0	0	0	0	0	0
21_1330	0	0	0	0	0	0	0	0	1	0	0	0
73_161555	0	0	0	0	0	0	0	1	0	0	0	0
70_86190	0	0	0	0	0	0	0	1	0	0	0	0
71_103379	0	0	0	0	0	0	0	1	0	0	0	0
77_14565	0	0	0	0	0	0	0	1	0	0	0	0
71_293634	0	0	0	0	0	0	0	1	0	0	0	0
76_72907	0	0	0	0	0	0	0	1	0	0	0	0
73_193028	0	0	0	0	0	0	0	0	0	0	1	0
96_288303	0	0	0	0	0	1	0	0	0	0	0	0
75.2_52277	0	0	0	0	0	0	0	1	0	0	0	0
75.2_108984	0	0	0	0	0	0	0	1	0	0	0	0
75_197808	0	0	0	0	0	0	0	1	0	0	0	0
71_128142	0	0	0	0	0	0	0	1	0	0	0	0
89_345	0	0	0	0	1	0	0	0	0	0	0	0
52_160311	0	0	0	0	0	0	0	1	0	0	0	0
51_50972	0	0	0	0	0	0	0	1	0	0	0	0
72.2_15473	0	0	0	0	0	0	0	1	0	0	0	0
71_17846	0	0	0	0	0	0	0	1	0	0	0	0
62_97837	0	0	0	0	0	0	0	0	0	1	0	0
65_23273	0	1	0	0	0	0	0	0	0	0	0	0
73_395905	0	0	0	0	0	0	0	1	0	0	0	0
75.2_321837	0	0	0	0	0	0	0	1	0	0	0	0
75_1172289	0	0	0	0	0	0	0	1	0	0	0	0
75_143185	0	0	0	0	0	0	0	1	0	0	0	0
75_95914	0	0	0	0	0	0	0	1	0	0	0	0
75_191220	0	0	0	0	0	0	0	1	0	0	0	0
73.2_37847	0	0	0	0	0	0	0	1	0	0	0	0
38_275433	0	0	0	0	0	0	1	0	0	0	0	0
68.2_14367	0	0	0	0	0	0	0	1	0	0	0	0
71.2_43695	0	0	0	0	0	0	0	1	0	0	0	0
75.2_528642	0	0	0	0	0	0	0	1	0	0	0	0
68.2_235473	0	0	0	0	0	0	0	1	0	0	0	0
68.2_241586	0	0	0	0	0	0	0	1	0	0	0	0
75.2_197765	0	0	0	0	0	0	0	1	0	0	0	0
75_369174	0	0	0	0	0	0	0	1	0	0	0	0
71_9830	0	0	0	0	0	0	0	1	0	0	0	0
71.2_165390	0	0	0	0	0	0	0	1	0	0	0	0
76_554453	0	0	0	0	0	0	0	1	0	0	0	0
71.2_761654	0	0	0	0	0	0	0	1	0	0	0	0
68.2_19900	0	0	0	0	0	0	0	1	0	0	0	0
73_519187	0	0	0	0	0	0	0	1	0	0	0	0
71_225847	0	0	0	0	0	0	0	1	0	0	0	0
75_712821	0	0	0	0	0	0	0	1	0	0	0	0
68.2_718422	0	0	0	0	0	0	0	1	0	0	0	0
68.2_565982	0	0	0	0	0	0	0	1	0	0	0	0
75_875488	0	0	0	0	0	0	0	1	0	0	0	0
28_1055102	0	0	0	0	0	0	0	1	0	0	0	0
73.2_21288	0	0	0	0	0	0	0	1	0	0	0	0
95_35697	0	0	0	0	0	0	0	1	0	0	0	0
76.2_158660	0	0	0	0	0	0	0	1	0	0	0	0
21_89236	0	0	0	0	0	0	1	0	0	0	0	0
76.2_113305	0	0	0	0	0	0	0	1	0	0	0	0
71.2_53731	0	0	0	0	0	0	0	1	0	0	0	0
75.2_518625	0	0	0	0	0	0	0	1	0	0	0	0
75_290764	0	0	0	0	0	0	0	1	0	0	0	0
75.2_1142344	0	0	0	0	0	0	0	1	0	0	0	0
11_17776	0	0	0	0	0	0	0	1	0	0	0	0
68_797477	0	0	0	0	0	0	0	1	0	0	0	0
73_316955	0	0	0	0	0	0	0	1	0	0	0	0
68.2_601200	0	0	0	0	0	0	0	1	0	0	0	0
42_183175	0	0	0	0	0	0	0	1	0	0	0	0
62_209986	0	0	0	0	0	1	0	0	0	0	0	0
73_641354	0	0	0	0	0	0	0	1	0	0	0	0
3_138028	0	0	0	0	0	0	0	1	0	0	0	0
75_217005	0	0	0	0	0	0	0	1	0	0	0	0
21_115884	0	0	0	0	0	0	1	0	0	0	0	0
75.2_490359	0	0	0	0	0	0	0	1	0	0	0	0
75_50629	0	0	0	0	0	0	0	1	0	0	0	0
75_73806	0	0	0	0	0	0	0	1	0	0	0	0
69.2_478	0	0	0	0	0	1	0	0	0	0	0	0
75.2_284457	0	0	0	0	0	0	0	1	0	0	0	0
75_293144	0	0	0	0	0	0	0	1	0	0	0	0
50_306300	0	0	0	0	0	0	0	0	0	0	1	0
73_431863	0	0	0	0	0	0	0	1	0	0	0	0
76.2_20980	0	0	0	0	0	0	0	1	0	0	0	0
77_626132	0	0	0	0	0	0	0	1	0	0	0	0
73_442648	0	0	0	0	0	0	0	1	0	0	0	0
71_252486	0	0	0	0	0	0	0	1	0	0	0	0
68_97975	0	0	0	0	0	0	0	1	0	0	0	0
75.2_361801	0	0	0	0	0	0	0	1	0	0	0	0
75.2_323610	0	0	0	0	0	0	0	1	0	0	0	0
77_446759	0	0	0	0	0	0	0	1	0	0	0	0
68.2_725048	0	0	0	0	0	0	0	1	0	0	0	0
71_733638	0	0	0	0	0	0	0	1	0	0	0	0
75.2_320771	0	0	0	0	0	0	0	1	0	0	0	0
75.2_997701	0	0	0	0	0	0	0	1	0	0	0	0
72.2_33776	0	0	0	0	0	0	0	1	0	0	0	0
75_395452	0	0	0	0	0	0	0	1	0	0	0	0
37_345604	0	0	0	0	0	0	0	1	0	0	0	0
72_404910	0	0	0	0	0	0	0	1	0	0	0	0
72.2_556235	0	0	0	0	0	0	0	1	0	0	0	0
75.2_166870	0	0	0	0	0	0	0	1	0	0	0	0
76.2_118284	0	0	0	0	0	0	0	1	0	0	0	0
30_98027	0	0	0	0	0	0	0	1	0	0	0	0
42_216492	0	0	0	0	0	0	0	1	0	0	0	0
75.2_773350	0	0	0	0	0	0	0	1	0	0	0	0
68.2_1093510	0	0	0	0	0	0	0	1	0	0	0	0
75.2_9488	0	0	0	0	0	0	0	1	0	0	0	0
71_32311	0	0	0	0	0	0	0	1	0	0	0	0
71.2_416316	0	0	0	0	0	0	0	1	0	0	0	0
22_79898	0	0	0	0	1	0	0	0	0	0	0	0
75_15580	0	0	0	0	0	0	0	1	0	0	0	0
71_242557	0	0	0	0	0	0	0	1	0	0	0	0
75_278736	0	0	0	0	0	0	0	1	0	0	0	0
68.2_255496	0	0	0	0	0	0	0	1	0	0	0	0
77_1126246	0	0	0	0	0	0	0	1	0	0	0	0
39_188943	0	0	0	0	0	0	0	1	0	0	0	0
19_191776	0	0	0	0	0	0	0	1	0	0	0	0
75_443257	0	0	0	0	0	0	0	1	0	0	0	0
71_633444	0	0	0	0	0	0	0	1	0	0	0	0
37_164229	0	0	0	0	0	0	0	1	0	0	0	0
1_39552	0	0	0	0	0	0	0	1	0	0	0	0
73.2_84173	0	0	0	0	0	0	0	1	0	0	0	0
89_218136	0	0	0	0	0	0	0	1	0	0	0	0
71.2_622637	0	0	0	0	0	0	0	1	0	0	0	0
75_51177	0	0	0	0	0	0	0	1	0	0	0	0
71.2_98428	0	0	0	0	0	0	0	1	0	0	0	0
71_139353	0	0	0	0	0	0	0	1	0	0	0	0
64_132061	0	0	0	0	0	1	0	0	0	0	0	0
75.2_269524	0	0	0	0	0	0	0	1	0	0	0	0
75_159453	0	0	0	0	0	0	0	1	0	0	0	0
68.2_454702	0	0	0	0	0	0	0	1	0	0	0	0
75_860490	0	0	0	0	0	0	0	1	0	0	0	0
73.2_618032	0	0	0	0	0	0	0	1	0	0	0	0
68.2_273319	0	0	0	0	0	0	0	1	0	0	0	0
71_191451	0	0	0	0	0	0	0	1	0	0	0	0
68.2_168883	0	0	0	0	0	0	0	1	0	0	0	0
62_355856	0	0	0	0	0	0	1	0	0	0	0	0
75.2_437714	0	0	0	0	0	0	0	1	0	0	0	0
65_118407	0	0	0	0	0	1	0	0	0	0	0	0
75.2_930820	0	0	0	0	0	0	0	1	0	0	0	0
75_978257	0	0	0	0	0	0	0	1	0	0	0	0
37_698332	0	0	0	0	0	0	0	1	0	0	0	0
75.2_671539	0	0	0	0	0	0	0	1	0	0	0	0
39_1015840	0	0	0	0	0	0	0	1	0	0	0	0
75.2_765700	0	0	0	0	0	0	0	1	0	0	0	0
68.2_928910	0	0	0	0	0	0	0	1	0	0	0	0
71_756069	0	0	0	0	0	0	0	1	0	0	0	0
21_779942	0	0	0	0	0	0	1	0	0	0	0	0
68_151870	0	0	0	0	0	0	0	1	0	0	0	0
71_1110045	0	0	0	0	0	0	0	1	0	0	0	0
39_75465	0	0	0	0	0	1	0	0	0	0	0	0
71_1331543	0	0	0	0	0	0	0	1	0	0	0	0
72_140348	0	0	0	0	0	0	0	1	0	0	0	0
72.2_106606	0	0	0	0	0	0	0	1	0	0	0	0
68_1019062	0	0	0	0	0	0	0	1	0	0	0	0
44_104064	0	0	0	0	0	1	0	0	0	0	0	0
71_1029692	0	0	0	0	0	0	0	1	0	0	0	0
96_68863	0	0	0	0	0	0	1	0	0	0	0	0
3_436907	0	0	0	0	0	0	0	1	0	0	0	0
73_43189	0	0	0	0	0	0	0	1	0	0	0	0
76.2_390190	0	0	0	0	0	1	0	0	0	0	0	0
3_121314	0	0	0	0	0	0	0	1	0	0	0	0
68.2_1433051	0	0	0	0	0	0	0	1	0	0	0	0
75_1332948	0	0	0	0	0	0	0	1	0	0	0	0
74_515959	0	0	0	0	0	0	0	1	0	0	0	0
75.2_1505064	0	0	0	0	0	0	0	1	0	0	0	0
9_532557	0	0	0	0	0	0	0	0	0	0	1	0
75_353816	0	0	0	0	0	0	0	1	0	0	0	0
10_658514	0	0	0	0	0	0	0	1	0	0	0	0
68.2_370111	0	0	0	0	0	0	0	1	0	0	0	0
75.2_244733	0	0	0	0	0	0	0	1	0	0	0	0
67_24009	0	0	0	0	0	0	0	0	0	0	1	0
4_722295	0	0	0	0	0	1	0	0	0	0	0	0
83_279031	0	0	0	0	0	0	0	1	0	0	0	0
69.2_1165	0	0	0	0	0	1	0	0	0	0	0	0
75_514591	0	0	0	0	0	0	0	1	0	0	0	0
75_32934	0	0	0	0	0	0	0	1	0	0	0	0
19_298518	0	0	0	0	0	0	0	1	0	0	0	0
77_18112	0	0	0	0	0	0	0	1	0	0	0	0
71_142466	0	0	0	0	0	0	0	1	0	0	0	0
61_2832	0	0	0	0	0	0	1	0	0	0	0	0
19_889	0	0	0	0	0	1	0	0	0	0	0	0
68.2_112149	0	0	0	0	0	0	0	1	0	0	0	0
43_12250	0	0	0	0	0	0	0	1	0	0	0	0
75.2_430982	0	0	0	0	0	0	0	1	0	0	0	0
96_170826	0	0	0	0	0	0	0	1	0	0	0	0
69_22846	0	0	0	0	0	0	0	0	0	0	1	0
64_380	0	0	0	0	0	1	0	0	0	0	0	0
65_10758	0	0	0	0	0	1	0	0	0	0	0	0
75.2_124508	0	0	0	0	0	0	0	1	0	0	0	0
74_12375	0	0	0	0	0	0	0	1	0	0	0	0
58_61994	0	0	0	0	0	0	1	0	0	0	0	0
75_57368	0	0	0	0	0	0	0	1	0	0	0	0
73_54857	0	0	0	0	0	0	0	1	0	0	0	0
75.2_34822	0	0	0	0	0	0	0	1	0	0	0	0
75_48730	0	0	0	0	0	0	0	1	0	0	0	0
68.2_509968	0	0	0	0	0	0	0	1	0	0	0	0
65_127287	0	0	0	0	0	1	0	0	0	0	0	0
73_10438	0	0	0	0	0	0	0	1	0	0	0	0
75_278880	0	0	0	0	0	0	0	1	0	0	0	0
75_175058	0	0	0	0	0	0	0	1	0	0	0	0
72_301289	0	0	0	0	0	0	0	1	0	0	0	0
77_2913	0	0	0	0	0	0	0	1	0	0	0	0
76.2_6520	0	0	0	0	0	0	0	1	0	0	0	0
67_725497	0	0	0	0	0	0	0	1	0	0	0	0
75_578645	0	0	0	0	0	0	0	1	0	0	0	0
7_57520	0	0	0	0	0	0	0	1	0	0	0	0
75_61277	0	0	0	0	0	0	0	1	0	0	0	0
75_275866	0	0	0	0	0	0	0	1	0	0	0	0
72_331264	0	0	0	0	0	0	0	1	0	0	0	0
75_562662	0	0	0	0	0	0	0	1	0	0	0	0
71.2_425467	0	0	0	0	0	0	0	1	0	0	0	0
75_448744	0	0	0	0	0	0	0	1	0	0	0	0
73_116248	0	0	0	0	0	0	0	1	0	0	0	0
73_461783	0	0	0	0	0	0	0	1	0	0	0	0
68.2_524851	0	0	0	0	0	0	0	1	0	0	0	0
76_16064	0	0	0	0	0	1	0	0	0	0	0	0
75_529733	0	0	0	0	0	0	0	1	0	0	0	0
5_9537	0	0	0	0	0	0	0	1	0	0	0	0
58_477809	0	0	0	0	0	0	0	1	0	0	0	0
75_496833	0	0	0	0	0	0	0	1	0	0	0	0
72.2_112350	0	0	0	0	0	0	0	1	0	0	0	0
69_2710	0	0	0	0	0	0	0	1	0	0	0	0
3_73	0	0	0	0	0	0	0	1	0	0	0	0
75_523783	0	0	0	0	0	0	0	1	0	0	0	0
76_394379	0	0	0	0	0	0	0	1	0	0	0	0
72_359344	0	0	0	0	0	0	0	1	0	0	0	0
71.2_4512	0	0	0	0	0	0	0	1	0	0	0	0
75_169102	0	0	0	0	0	0	0	1	0	0	0	0
65_34951	0	0	0	0	0	1	0	0	0	0	0	0
67_5616	0	0	0	0	0	1	0	0	0	0	0	0
64_204279	0	0	0	0	0	1	0	0	0	0	0	0
64_17823	0	0	0	0	0	0	0	0	0	0	1	0
83_10484	0	0	0	0	0	0	0	1	0	0	0	0
62_12625	0	0	0	0	0	1	0	0	0	0	0	0
49_7951	0	0	0	0	0	0	0	0	0	0	1	0
22_8148	0	0	0	0	0	0	1	0	0	0	0	0
71.2_6394	0	0	0	0	0	0	0	1	0	0	0	0
73_9452	0	0	0	0	0	0	0	1	0	0	0	0
68_88390	0	0	0	0	0	0	0	1	0	0	0	0
3_30923	0	0	0	0	0	0	1	0	0	0	0	0
23_874	0	0	0	0	0	0	1	0	0	0	0	0
104_3722	0	0	0	0	0	1	0	0	0	0	0	0
73.2_154955	0	0	0	0	0	0	0	1	0	0	0	0
1_1999	0	0	0	0	0	1	0	0	0	0	0	0
59_41840	0	0	0	0	0	1	0	0	0	0	0	0
1_21395	0	0	0	0	0	1	0	0	0	0	0	0
28_8472	0	0	0	0	0	1	0	0	0	0	0	0
52_61813	0	0	0	0	0	1	0	0	0	0	0	0
96_8921	0	0	0	0	0	0	0	1	0	0	0	0
23_273705	0	0	0	0	0	0	1	0	0	0	0	0
7_9276	0	0	0	0	0	1	0	0	0	0	0	0
1_2962	0	0	0	0	0	1	0	0	0	0	0	0
21_22966	0	0	0	0	0	0	1	0	0	0	0	0
106_38912	0	0	0	0	0	1	0	0	0	0	0	0
76_5201	0	0	0	0	0	0	1	0	0	0	0	0
59_9704	0	0	0	0	0	0	0	0	0	0	1	0
38_6766	0	0	0	0	0	1	0	0	0	0	0	0
68.2_465778	0	0	0	0	0	0	0	1	0	0	0	0
67.2_7928	0	0	0	0	0	1	0	0	0	0	0	0
73_210971	0	0	0	0	0	0	0	1	0	0	0	0
76_8813	0	0	0	0	0	0	0	1	0	0	0	0
75_741049	0	0	0	0	0	0	0	1	0	0	0	0
50_576	0	0	0	0	0	1	0	0	0	0	0	0
72_4979	0	0	0	0	0	0	0	1	0	0	0	0
11_44713	0	0	0	0	0	0	0	1	0	0	0	0
44_281582	0	0	0	0	0	0	0	1	0	0	0	0
72.2_8442	0	0	0	0	0	0	0	1	0	0	0	0
77_403266	0	0	0	0	0	0	0	1	0	0	0	0
76.2_3889	0	0	0	0	0	1	0	0	0	0	0	0
75.2_408177	0	0	0	0	0	0	0	1	0	0	0	0
103_129340	0	0	0	0	0	0	0	1	0	0	0	0
76_8709	0	0	0	0	0	0	1	0	0	0	0	0
75.2_46505	0	0	0	0	0	0	0	1	0	0	0	0
1_6416	0	0	0	0	0	1	0	0	0	0	0	0
75_243929	0	0	0	0	0	0	0	1	0	0	0	0
3_9666	0	0	0	0	0	0	0	1	0	0	0	0
73.2_1232048	0	0	0	0	0	0	0	1	0	0	0	0
73_420182	0	0	0	0	0	0	0	1	0	0	0	0
71.2_1111	0	0	0	0	0	0	0	1	0	0	0	0
1_5693	0	0	0	0	0	1	0	0	0	0	0	0
71.2_162826	0	0	0	0	0	0	0	1	0	0	0	0
39_11368	0	0	0	0	0	1	0	0	0	0	0	0
73.2_5459	0	0	0	0	0	0	0	1	0	0	0	0
80_20641	0	0	0	0	0	1	0	0	0	0	0	0
74_3486	0	0	0	0	0	1	0	0	0	0	0	0
77_3683	0	0	0	0	0	1	0	0	0	0	0	0
21_16177	0	0	0	0	0	0	1	0	0	0	0	0
62_4605	0	0	0	0	0	1	0	0	0	0	0	0
75_62524	0	0	0	0	0	0	0	1	0	0	0	0
79_13070	0	0	0	0	0	0	0	1	0	0	0	0
75_713048	0	0	0	0	0	0	0	1	0	0	0	0
75.2_686477	0	0	0	0	0	0	0	1	0	0	0	0
26_3460	0	0	0	0	0	0	1	0	0	0	0	0
75.2_182217	0	0	0	0	0	0	0	1	0	0	0	0
4_3846	0	0	0	0	0	1	0	0	0	0	0	0
70.2_12720	0	0	0	0	0	1	0	0	0	0	0	0
11_726260	0	0	0	0	0	0	0	1	0	0	0	0
23_10369	0	0	0	0	0	0	1	0	0	0	0	0
62_4293	0	0	0	0	0	1	0	0	0	0	0	0
71.2_149844	0	0	0	0	0	0	0	1	0	0	0	0
73_32895	0	0	0	0	0	0	0	1	0	0	0	0
3_77777	0	0	0	0	0	0	0	1	0	0	0	0
70.2_104981	0	0	0	0	0	1	0	0	0	0	0	0
64_25466	0	0	0	0	0	1	0	0	0	0	0	0
43_31349	0	0	0	0	0	1	0	0	0	0	0	0
103_19638	0	0	0	0	0	1	0	0	0	0	0	0
77.2_93060	0	0	0	0	0	0	0	0	0	0	0	1
74_176422	0	0	0	0	0	0	0	1	0	0	0	0
89_63300	0	0	0	0	0	0	0	1	0	0	0	0
68_25208	0	0	0	0	0	0	0	1	0	0	0	0
71.2_92956	0	0	0	0	0	0	0	1	0	0	0	0
72.2_684336	0	0	0	0	0	0	0	1	0	0	0	0
71_402290	0	0	0	0	0	0	0	1	0	0	0	0
13_20898	0	0	0	0	0	0	0	1	0	0	0	0
68_734400	0	0	0	0	0	0	0	1	0	0	0	0
72.2_242836	0	0	0	0	0	0	0	1	0	0	0	0
58_6281	0	0	0	0	0	0	1	0	0	0	0	0
67_37049	0	0	0	0	0	1	0	0	0	0	0	0
4_50622	0	0	0	0	0	0	0	0	0	0	1	0
76.2_77586	0	0	0	0	0	0	1	0	0	0	0	0
71.2_15301	0	0	0	0	0	0	0	0	0	0	1	0
71_42006	0	0	0	0	0	0	0	1	0	0	0	0
93_132311	0	0	0	0	0	0	0	1	0	0	0	0
71_56705	0	0	0	0	0	0	0	0	0	0	1	0
21_56463	0	0	0	0	0	0	1	0	0	0	0	0
75.2_362941	0	0	0	0	0	0	0	1	0	0	0	0
53_9112	0	1	0	0	0	0	0	0	0	0	0	0
75.2_628654	0	0	0	0	0	0	0	1	0	0	0	0
43_16901	0	0	0	0	0	0	1	0	0	0	0	0
21_89298	0	0	0	0	0	0	1	0	0	0	0	0
68.2_44496	0	0	0	0	0	0	0	1	0	0	0	0
75_102781	0	0	0	0	0	0	0	1	0	0	0	0
4_3153	0	0	0	0	0	1	0	0	0	0	0	0
41_222105	0	0	0	0	0	1	0	0	0	0	0	0
4_89333	0	0	0	0	0	0	0	0	0	0	1	0
75_228047	0	0	0	0	0	0	0	1	0	0	0	0
68.2_1551	0	0	0	0	0	0	0	1	0	0	0	0
75_779652	0	0	0	0	0	0	0	1	0	0	0	0
71_175504	0	0	0	0	0	0	0	1	0	0	0	0
68.2_10024	0	0	0	0	0	0	0	1	0	0	0	0
68.2_121427	0	0	0	0	0	0	0	1	0	0	0	0
75_317369	0	0	0	0	0	0	0	1	0	0	0	0
74_10586	0	0	0	0	0	0	0	1	0	0	0	0
68.2_723711	0	0	0	0	0	0	0	1	0	0	0	0
68.2_1323071	0	0	0	0	0	0	0	1	0	0	0	0
71_46159	0	0	0	0	0	0	0	1	0	0	0	0
64_1321	0	0	0	0	0	1	0	0	0	0	0	0
72.2_219048	0	0	0	0	0	0	0	1	0	0	0	0
75.2_429466	0	0	0	0	0	0	0	1	0	0	0	0
77_95899	0	0	0	0	0	1	0	0	0	0	0	0
28_36629	0	0	0	0	0	0	0	1	0	0	0	0
28_28971	0	0	0	0	0	1	0	0	0	0	0	0
75.2_316094	0	0	0	0	0	0	0	1	0	0	0	0
55_44940	0	1	0	0	0	0	0	0	0	0	0	0
75_218742	0	0	0	0	0	0	0	1	0	0	0	0
75_108934	0	0	0	0	0	0	0	1	0	0	0	0
68.2_148723	0	0	0	0	0	0	0	1	0	0	0	0
71_978146	0	0	0	0	0	0	0	1	0	0	0	0
42_663375	0	0	0	0	0	0	0	1	0	0	0	0
68.2_166530	0	0	0	0	0	0	0	1	0	0	0	0
75.2_210123	0	0	0	0	0	0	0	1	0	0	0	0
55_29328	0	0	0	0	0	1	0	0	0	0	0	0
75.2_157038	0	0	0	0	0	0	0	1	0	0	0	0
75_1044285	0	0	0	0	0	0	0	1	0	0	0	0
75.2_228782	0	0	0	0	0	0	0	1	0	0	0	0
73_49942	0	0	0	0	0	0	0	1	0	0	0	0
50_918557	0	0	0	0	0	0	0	1	0	0	0	0
74_32843	0	0	0	0	0	0	0	1	0	0	0	0
73.2_141517	0	0	0	0	0	0	0	1	0	0	0	0
72_194512	0	0	0	0	0	1	0	0	0	0	0	0
64_230	0	0	0	1	0	0	0	0	0	0	0	0
72.2_799069	0	0	0	0	0	0	0	1	0	0	0	0
70_957794	0	0	0	0	0	1	0	0	0	0	0	0
42_1756746	0	0	0	0	0	0	0	1	0	0	0	0
106_1023751	0	0	0	0	0	1	0	0	0	0	0	0
39_50674	0	0	0	0	0	1	0	0	0	0	0	0
58_108614	0	0	0	0	0	0	0	0	0	0	1	0
71.2_1276461	0	0	0	0	0	0	0	1	0	0	0	0
71.2_45761	0	0	0	0	0	0	0	1	0	0	0	0
75.2_353983	0	0	0	0	0	0	0	1	0	0	0	0
77.2_542006	0	0	0	0	0	0	0	1	0	0	0	0
68.2_1064387	0	0	0	0	0	0	0	1	0	0	0	0
55_56058	0	0	0	0	0	0	0	1	0	0	0	0
68.2_187413	0	0	0	0	0	0	0	1	0	0	0	0
68.2_891154	0	0	0	0	0	0	0	1	0	0	0	0
70_59848	0	0	0	0	0	1	0	0	0	0	0	0
75_417427	0	0	0	0	0	0	0	1	0	0	0	0
68.2_417525	0	0	0	0	0	0	0	1	0	0	0	0
69_1953	0	0	0	0	0	0	0	0	1	0	0	0
75.2_177627	0	0	0	0	0	0	0	1	0	0	0	0
75.2_610197	0	0	0	0	0	0	0	1	0	0	0	0
75.2_505349	0	0	0	0	0	0	0	1	0	0	0	0
73_946029	0	0	0	0	0	0	0	1	0	0	0	0
75_572453	0	0	0	0	0	0	0	1	0	0	0	0
73.2_62921	0	0	0	0	0	0	0	1	0	0	0	0
75.2_399450	0	0	0	0	0	0	0	1	0	0	0	0
21_408854	0	0	0	0	0	0	1	0	0	0	0	0
75_288961	0	0	0	0	0	0	0	1	0	0	0	0
67_136372	0	0	0	0	0	1	0	0	0	0	0	0
75_140133	0	0	0	0	0	0	0	1	0	0	0	0
58_38953	0	1	0	0	0	0	0	0	0	0	0	0
89_4190	0	1	0	0	0	0	0	0	0	0	0	0
50_8	0	0	0	0	1	0	0	0	0	0	0	0
65_120577	0	0	0	0	1	0	0	0	0	0	0	0
76_11369	0	0	0	0	0	0	0	1	0	0	0	0
68.2_1323588	0	0	0	0	0	0	0	1	0	0	0	0
73_952793	0	0	0	0	0	0	0	1	0	0	0	0
75.2_51492	0	0	0	0	0	0	0	1	0	0	0	0
75_523425	0	0	0	0	0	0	0	1	0	0	0	0
3_206081	0	0	0	0	0	1	0	0	0	0	0	0
68.2_520817	0	0	0	0	0	0	0	1	0	0	0	0
71.2_98255	0	0	0	0	0	0	0	1	0	0	0	0
28_715228	0	0	0	0	0	0	0	1	0	0	0	0
68.2_1248296	0	0	0	0	0	0	0	1	0	0	0	0
75.2_59583	0	0	0	0	0	0	0	1	0	0	0	0
61_923884	0	0	0	0	0	0	0	1	0	0	0	0
71.2_857723	0	0	0	0	0	0	0	1	0	0	0	0
42_869162	0	0	0	0	0	0	0	1	0	0	0	0
71_817200	0	0	0	0	0	0	0	1	0	0	0	0
71.2_294240	0	0	0	0	0	0	0	1	0	0	0	0
75_467561	0	0	0	0	0	0	0	1	0	0	0	0
68.2_915206	0	0	0	0	0	0	0	1	0	0	0	0
93_575471	0	0	0	0	0	0	1	0	0	0	0	0
7_18640	0	0	0	0	0	0	0	0	0	0	1	0
28_4986	0	0	0	0	0	0	0	1	0	0	0	0
7_26148	0	0	0	0	0	1	0	0	0	0	0	0
73_21991	0	0	0	0	0	0	0	1	0	0	0	0
49_1282	0	0	0	0	0	0	1	0	0	0	0	0
72_43281	0	0	0	0	0	1	0	0	0	0	0	0
13_7273	0	0	0	0	0	1	0	0	0	0	0	0
89_1610	0	0	0	0	0	0	0	0	0	0	1	0
73_43523	0	0	0	0	0	0	0	1	0	0	0	0
75.2_29812	0	0	0	0	0	0	0	1	0	0	0	0
75_60405	0	0	0	0	0	0	0	1	0	0	0	0
77_43784	0	0	0	0	0	0	0	1	0	0	0	0
3_48612	0	0	0	0	0	0	0	1	0	0	0	0
3_10745	0	0	0	0	0	0	0	1	0	0	0	0
71.2_15387	0	0	0	0	0	0	0	1	0	0	0	0
77_16215	0	0	0	0	0	0	0	1	0	0	0	0
61_10772	0	0	0	0	0	1	0	0	0	0	0	0
69_42701	0	0	0	0	0	1	0	0	0	0	0	0
58_23603	0	0	0	0	0	1	0	0	0	0	0	0
56_23689	0	0	0	0	0	1	0	0	0	0	0	0
15_14824	0	0	0	0	0	0	0	0	0	0	1	0
65_10031	0	0	0	0	0	1	0	0	0	0	0	0
7_19257	0	0	0	0	0	1	0	0	0	0	0	0
3_10257	0	0	0	0	0	1	0	0	0	0	0	0
19_2755	0	0	0	0	0	1	0	0	0	0	0	0
44_7533	0	0	0	0	0	1	0	0	0	0	0	0
62_4099	0	0	0	0	0	1	0	0	0	0	0	0
29_6176	0	0	0	0	0	0	0	1	0	0	0	0
70.2_21652	0	0	0	0	0	1	0	0	0	0	0	0
43_29785	0	0	0	0	0	0	0	0	0	0	1	0
74_43862	0	0	0	0	0	0	0	1	0	0	0	0
71.2_54594	0	0	0	0	0	0	0	1	0	0	0	0
73_30286	0	0	0	0	0	0	0	1	0	0	0	0
72_39235	0	0	0	0	0	0	0	1	0	0	0	0
74_75569	0	0	0	0	0	0	0	1	0	0	0	0
28_100576	0	0	0	0	0	1	0	0	0	0	0	0
83_50139	0	0	0	0	0	0	1	0	0	0	0	0
47_71184	0	0	0	0	0	1	0	0	0	0	0	0
73_21192	0	0	0	0	0	0	0	1	0	0	0	0
77.2_6286	0	0	0	0	0	0	0	1	0	0	0	0
38_27155	0	0	0	0	0	1	0	0	0	0	0	0
2_78100	0	0	0	0	0	0	0	1	0	0	0	0
19_13979	0	0	0	0	0	0	0	1	0	0	0	0
44_81758	0	0	0	0	0	1	0	0	0	0	0	0
72_117620	0	0	0	0	0	0	0	1	0	0	0	0
70.2_14080	0	0	0	0	0	1	0	0	0	0	0	0
76_37641	0	0	0	0	0	1	0	0	0	0	0	0
75_117772	0	0	0	0	0	0	0	1	0	0	0	0
61_48733	0	0	0	0	0	0	0	0	0	0	1	0
77_43374	0	0	0	0	0	0	0	1	0	0	0	0
74_40805	0	0	0	0	0	1	0	0	0	0	0	0
39_2737	0	0	0	0	0	1	0	0	0	0	0	0
65_28838	0	0	0	0	0	1	0	0	0	0	0	0
55_11675	0	0	0	0	0	0	0	1	0	0	0	0
75.2_19138	0	0	0	0	0	0	0	1	0	0	0	0
72_105003	0	0	0	0	0	0	0	0	0	0	1	0
80_18619	0	0	0	0	0	1	0	0	0	0	0	0
24_66578	0	0	0	0	0	1	0	0	0	0	0	0
3_67824	0	0	0	0	0	0	0	1	0	0	0	0
19_31247	0	0	0	0	0	1	0	0	0	0	0	0
104_97	0	0	0	0	0	1	0	0	0	0	0	0
39_2006	0	0	0	0	0	1	0	0	0	0	0	0
65_15967	0	0	0	0	0	1	0	0	0	0	0	0
69.2_13522	0	0	0	0	0	0	0	1	0	0	0	0
53_11215	0	0	0	0	0	1	0	0	0	0	0	0
72.2_587	0	0	0	0	0	0	0	1	0	0	0	0
70_69	0	0	0	0	0	1	0	0	0	0	0	0
41_14499	0	0	0	0	0	1	0	0	0	0	0	0
3_7318	0	0	0	0	0	0	0	1	0	0	0	0
39_12954	0	0	0	0	0	1	0	0	0	0	0	0
67.2_9486	0	0	0	0	0	1	0	0	0	0	0	0
89_10185	0	0	0	0	0	1	0	0	0	0	0	0
70.2_13017	0	0	0	0	0	1	0	0	0	0	0	0
41_56097	0	0	0	0	0	1	0	0	0	0	0	0
72_1244	0	0	0	0	0	1	0	0	0	0	0	0
37_414	0	0	0	0	0	0	0	1	0	0	0	0
10_2376	0	0	0	0	0	0	0	1	0	0	0	0
73_2249	0	0	0	0	0	1	0	0	0	0	0	0
75_8877	0	0	0	0	0	0	0	1	0	0	0	0
19_3909	0	0	0	0	0	1	0	0	0	0	0	0
65_591	0	0	0	0	0	0	1	0	0	0	0	0
69_2880	0	0	0	0	0	1	0	0	0	0	0	0
69_264	0	0	0	0	0	1	0	0	0	0	0	0
102_5134	0	0	0	0	0	1	0	0	0	0	0	0
23_11805	0	0	0	0	0	0	1	0	0	0	0	0
77.2_14541	0	0	0	0	0	0	0	1	0	0	0	0
50_3351	0	0	0	0	0	1	0	0	0	0	0	0
76.2_1045	0	0	0	0	0	1	0	0	0	0	0	0
26_617	0	0	0	0	0	1	0	0	0	0	0	0
73_356770	0	0	0	0	0	0	0	1	0	0	0	0
74.2_5160	0	0	0	0	0	0	0	0	0	0	1	0
69_16345	0	0	0	0	0	0	0	1	0	0	0	0
71_151288	0	0	0	0	0	0	0	1	0	0	0	0
26_177114	0	0	0	0	0	1	0	0	0	0	0	0
79_59029	0	0	0	0	0	0	0	1	0	0	0	0
71.2_63555	0	0	0	0	0	0	0	1	0	0	0	0
73.2_62628	0	0	0	0	0	0	0	1	0	0	0	0
75_85128	0	0	0	0	0	0	0	1	0	0	0	0
41_40635	0	0	0	0	0	0	1	0	0	0	0	0
71_40454	0	0	0	0	0	0	0	1	0	0	0	0
73_44301	0	0	0	0	0	0	0	1	0	0	0	0
7_110777	0	0	0	0	0	1	0	0	0	0	0	0
71.2_29642	0	0	0	0	0	0	0	1	0	0	0	0
71_1589	0	0	0	0	0	0	0	1	0	0	0	0
71_142429	0	0	0	0	0	0	0	1	0	0	0	0
38_39956	0	0	0	0	0	0	0	1	0	0	0	0
71_24892	0	0	0	0	0	0	0	1	0	0	0	0
19_4863	0	0	0	0	0	1	0	0	0	0	0	0
39_124616	0	0	0	0	0	1	0	0	0	0	0	0
22_83867	0	0	0	0	0	0	1	0	0	0	0	0
44_76468	0	0	0	0	0	1	0	0	0	0	0	0
3_30547	0	0	0	0	0	0	0	1	0	0	0	0
71_58212	0	0	0	0	0	0	0	1	0	0	0	0
39_49595	0	0	0	0	0	1	0	0	0	0	0	0
68_13285	0	0	0	0	0	0	0	1	0	0	0	0
76.2_83868	0	0	0	0	0	0	0	1	0	0	0	0
72_158816	0	0	0	0	0	0	0	1	0	0	0	0
53_44943	0	0	0	0	0	1	0	0	0	0	0	0
73_28561	0	0	0	0	0	0	0	1	0	0	0	0
75_21687	0	0	0	0	0	0	0	1	0	0	0	0
73.2_72968	0	0	0	0	0	0	0	1	0	0	0	0
77.2_54255	0	0	0	0	0	0	0	1	0	0	0	0
70_37289	0	0	0	0	0	1	0	0	0	0	0	0
48_136575	0	0	0	0	0	0	0	1	0	0	0	0
72_206280	0	0	0	0	0	0	0	1	0	0	0	0
3_103555	0	0	0	0	0	0	0	1	0	0	0	0
22_77362	0	0	0	0	0	0	1	0	0	0	0	0
71_270301	0	0	0	0	0	1	0	0	0	0	0	0
74_109471	0	0	0	0	0	0	0	1	0	0	0	0
93_31471	0	0	0	0	0	1	0	0	0	0	0	0
77.2_16911	0	0	0	0	0	0	0	1	0	0	0	0
3_326803	0	0	0	0	0	0	0	1	0	0	0	0
1_9266	0	0	0	0	0	1	0	0	0	0	0	0
1_713	0	0	0	0	0	1	0	0	0	0	0	0
86_174112	0	0	0	0	0	1	0	0	0	0	0	0
72_20662	0	0	0	0	0	0	0	1	0	0	0	0
21_86279	0	0	0	0	0	0	1	0	0	0	0	0
10_4464	0	0	0	0	0	0	0	1	0	0	0	0
72_33674	0	0	0	0	0	0	0	1	0	0	0	0
73.2_116217	0	0	0	0	0	0	0	1	0	0	0	0
71.2_53755	0	0	0	0	0	0	0	1	0	0	0	0
73_150723	0	0	0	0	0	0	0	1	0	0	0	0
75_180769	0	0	0	0	0	0	0	1	0	0	0	0
73_61675	0	0	0	0	0	0	0	1	0	0	0	0
71_235347	0	0	0	0	0	0	0	1	0	0	0	0
73_95130	0	0	0	0	0	0	0	1	0	0	0	0
75.2_33739	0	0	0	0	0	0	0	1	0	0	0	0
37_8777	0	0	0	0	0	0	0	1	0	0	0	0
71.2_109499	0	0	0	0	0	0	0	1	0	0	0	0
76.2_12383	0	0	0	0	0	0	0	0	0	0	1	0
72_1958	0	0	0	0	0	1	0	0	0	0	0	0
65_8447	0	0	0	0	0	1	0	0	0	0	0	0
21_15476	0	0	0	0	0	0	1	0	0	0	0	0
70.2_5470	0	0	0	0	0	1	0	0	0	0	0	0
76.2_2668	0	0	0	0	0	1	0	0	0	0	0	0
80_1010	0	0	0	0	0	1	0	0	0	0	0	0
61_4839	0	0	0	0	0	1	0	0	0	0	0	0
26_10128	0	0	0	0	0	0	0	0	0	0	1	0
39_4679	0	0	0	0	0	1	0	0	0	0	0	0
77.2_8409	0	0	0	0	0	1	0	0	0	0	0	0
50_7130	0	0	0	0	0	1	0	0	0	0	0	0
55_4016	0	0	0	0	0	0	0	1	0	0	0	0
49_30926	0	0	0	0	0	0	0	0	0	0	1	0
23_6412	0	0	0	0	0	1	0	0	0	0	0	0
23_5083	0	0	0	0	0	1	0	0	0	0	0	0
65_1697	0	0	0	0	0	1	0	0	0	0	0	0
71_2269	0	0	0	0	0	0	0	1	0	0	0	0
69.2_6860	0	0	0	0	0	0	0	0	0	0	1	0
71_9492	0	0	0	0	0	0	0	1	0	0	0	0
7_1173	0	0	0	0	0	1	0	0	0	0	0	0
69_5791	0	0	0	0	0	1	0	0	0	0	0	0
72.2_1022	0	0	0	0	0	0	0	1	0	0	0	0
65_477	0	0	0	0	0	0	1	0	0	0	0	0
50_1669	0	0	0	0	0	0	1	0	0	0	0	0
1_6693	0	0	0	0	0	0	0	0	0	0	1	0
73_37380	0	0	0	0	0	0	0	1	0	0	0	0
26_21453	0	0	0	0	0	1	0	0	0	0	0	0
58_1449	0	0	0	0	0	0	0	1	0	0	0	0
73.2_57764	0	0	0	0	0	0	0	1	0	0	0	0
104_38858	0	0	0	0	0	0	1	0	0	0	0	0
19_36802	0	0	0	0	0	1	0	0	0	0	0	0
67.2_7124	0	0	0	0	0	0	0	0	0	0	1	0
1_17323	0	0	0	0	0	0	0	0	0	0	1	0
7_124816	0	0	0	0	0	1	0	0	0	0	0	0
76_109023	0	0	0	0	0	0	0	0	0	0	1	0
55_28410	0	0	0	0	0	1	0	0	0	0	0	0
71.2_2335	0	0	0	0	0	0	0	1	0	0	0	0
71_34878	0	0	0	0	0	0	0	1	0	0	0	0
72_17089	0	0	0	0	0	0	0	1	0	0	0	0
39_27729	0	0	0	0	0	1	0	0	0	0	0	0
23_26304	0	0	0	0	0	0	1	0	0	0	0	0
89_7097	0	0	0	0	0	1	0	0	0	0	0	0
28_34099	0	0	0	0	0	1	0	0	0	0	0	0
72_25576	0	0	0	0	0	1	0	0	0	0	0	0
69_3158	0	0	0	0	0	0	0	0	0	0	1	0
74.2_32313	0	0	0	0	0	1	0	0	0	0	0	0
21_18795	0	0	0	0	0	0	1	0	0	0	0	0
39_5166	0	0	0	0	0	1	0	0	0	0	0	0
49_48070	0	0	0	0	0	1	0	0	0	0	0	0
37_39732	0	0	0	0	0	0	0	1	0	0	0	0
69.2_27278	0	0	0	0	0	0	0	1	0	0	0	0
26_20739	0	0	0	0	0	1	0	0	0	0	0	0
64_12324	0	0	0	0	0	1	0	0	0	0	0	0
7_89386	0	0	0	0	0	1	0	0	0	0	0	0
73_135532	0	0	0	0	0	0	0	1	0	0	0	0
75_433761	0	0	0	0	0	0	0	1	0	0	0	0
71.2_104245	0	0	0	0	0	0	0	1	0	0	0	0
73.2_626833	0	0	0	0	0	0	0	1	0	0	0	0
3_10516	0	0	0	0	0	0	0	1	0	0	0	0
75_294133	0	0	0	0	0	0	0	1	0	0	0	0
75.2_165172	0	0	0	0	0	0	0	1	0	0	0	0
2_875371	0	0	0	0	0	0	0	1	0	0	0	0
43_116820	0	0	0	0	0	0	1	0	0	0	0	0
68.2_516011	0	0	0	0	0	0	0	1	0	0	0	0
80_424613	0	0	0	0	0	1	0	0	0	0	0	0
21_435959	0	0	0	0	0	0	1	0	0	0	0	0
75.2_54771	0	0	0	0	0	0	0	1	0	0	0	0
73_471786	0	0	0	0	0	0	1	0	0	0	0	0
73.2_1194323	0	0	0	0	0	0	0	1	0	0	0	0
75.2_36396	0	0	0	0	0	0	0	1	0	0	0	0
71_324467	0	0	0	0	0	0	0	1	0	0	0	0
21_109500	0	0	0	0	0	0	1	0	0	0	0	0
75_38540	0	0	0	0	0	0	0	1	0	0	0	0
75_309136	0	0	0	0	0	0	0	1	0	0	0	0
75_138299	0	0	0	0	0	0	0	1	0	0	0	0
21_207612	0	0	0	0	0	0	1	0	0	0	0	0
68.2_212166	0	0	0	0	0	0	0	1	0	0	0	0
68.2_981141	0	0	0	0	0	0	0	1	0	0	0	0
68.2_985953	0	0	0	0	0	0	0	1	0	0	0	0
21_365517	0	0	0	0	0	0	1	0	0	0	0	0
71.2_385570	0	0	0	0	0	0	0	1	0	0	0	0
21_564680	0	0	0	0	0	0	1	0	0	0	0	0
75.2_545286	0	0	0	0	0	0	0	1	0	0	0	0
75_517819	0	0	0	0	0	0	0	1	0	0	0	0
68.2_60954	0	0	0	0	0	0	0	1	0	0	0	0
75_167014	0	0	0	0	0	0	0	1	0	0	0	0
76.2_249380	0	0	0	0	0	1	0	0	0	0	0	0
68_27298	0	0	0	0	0	0	0	1	0	0	0	0
68.2_1114425	0	0	0	0	0	0	0	1	0	0	0	0
68_756544	0	0	0	0	0	0	0	1	0	0	0	0
75.2_808106	0	0	0	0	0	0	0	1	0	0	0	0
75_682534	0	0	0	0	0	0	0	1	0	0	0	0
75_17487	0	0	0	0	0	0	0	1	0	0	0	0
68.2_223555	0	0	0	0	0	0	0	1	0	0	0	0
68.2_452468	0	0	0	0	0	0	0	1	0	0	0	0
71.2_356228	0	0	0	0	0	0	0	1	0	0	0	0
68.2_681305	0	0	0	0	0	0	0	1	0	0	0	0
71_246366	0	0	0	0	0	0	0	1	0	0	0	0
71.2_301212	0	0	0	0	0	0	0	1	0	0	0	0
4_310432	0	0	0	0	0	1	0	0	0	0	0	0
76.2_645291	0	0	0	0	0	0	0	1	0	0	0	0
68.2_293	0	0	0	0	0	0	0	1	0	0	0	0
68.2_346862	0	0	0	0	0	0	0	1	0	0	0	0
68.2_351947	0	0	0	0	0	0	0	1	0	0	0	0
75_655307	0	0	0	0	0	0	0	1	0	0	0	0
75_348688	0	0	0	0	0	0	0	1	0	0	0	0
75_493196	0	0	0	0	0	0	0	1	0	0	0	0
68.2_973380	0	0	0	0	0	0	0	1	0	0	0	0
75_603944	0	0	0	0	0	0	0	1	0	0	0	0
75_439348	0	0	0	0	0	0	0	1	0	0	0	0
44_390554	0	0	0	0	0	1	0	0	0	0	0	0
68.2_576412	0	0	0	0	0	0	0	1	0	0	0	0
75_800488	0	0	0	0	0	0	0	1	0	0	0	0
71_572322	0	0	0	0	0	0	0	1	0	0	0	0
68.2_344106	0	0	0	0	0	0	0	1	0	0	0	0
75.2_487852	0	0	0	0	0	0	0	1	0	0	0	0
68.2_406546	0	0	0	0	0	0	0	1	0	0	0	0
75_452558	0	0	0	0	0	0	0	1	0	0	0	0
75.2_268797	0	0	0	0	0	0	0	1	0	0	0	0
75_29567	0	0	0	0	0	0	0	1	0	0	0	0
21_153938	0	0	0	0	0	0	1	0	0	0	0	0
3_215809	0	0	0	0	0	0	0	1	0	0	0	0
3_224048	0	0	0	0	0	0	0	1	0	0	0	0
59_174319	0	0	0	0	0	0	1	0	0	0	0	0
77_429091	0	0	0	0	0	1	0	0	0	0	0	0
22_57302	0	0	0	0	0	0	1	0	0	0	0	0
75.2_276334	0	0	0	0	0	0	0	1	0	0	0	0
104_10405	0	0	0	0	0	0	0	1	0	0	0	0
71_165658	0	0	0	0	0	0	0	1	0	0	0	0
75_152053	0	0	0	0	0	0	0	1	0	0	0	0
68.2_332273	0	0	0	0	0	0	0	1	0	0	0	0
75_342827	0	0	0	0	0	0	0	1	0	0	0	0
71.2_3598	0	0	0	0	0	0	0	1	0	0	0	0
80_27142	0	0	0	0	0	0	0	1	0	0	0	0
3_281456	0	0	0	0	0	0	0	0	0	0	1	0
75.2_257006	0	0	0	0	0	0	0	1	0	0	0	0
21_62344	0	0	0	0	0	0	1	0	0	0	0	0
99_48137	0	0	0	0	0	0	1	0	0	0	0	0
73_139960	0	0	0	0	0	0	0	1	0	0	0	0
71_46266	0	0	0	0	0	0	0	1	0	0	0	0
72.2_256228	0	0	0	0	0	0	0	1	0	0	0	0
71_375439	0	0	0	0	0	0	0	1	0	0	0	0
37_58242	0	0	0	0	0	0	0	1	0	0	0	0
58_255517	0	0	0	0	0	0	0	1	0	0	0	0
75_451932	0	0	0	0	0	0	0	1	0	0	0	0
86_64923	0	0	0	0	0	0	0	1	0	0	0	0
3_116548	0	0	0	0	0	0	0	1	0	0	0	0
1_148152	0	0	0	0	0	0	0	1	0	0	0	0
75.2_11548	0	0	0	0	0	0	0	1	0	0	0	0
73.2_284927	0	0	0	0	0	0	0	0	0	0	1	0
75_243637	0	0	0	0	0	0	0	1	0	0	0	0
68.2_22885	0	0	0	0	0	0	0	1	0	0	0	0
21_33707	0	0	0	0	0	0	1	0	0	0	0	0
71.2_185981	0	0	0	0	0	0	0	1	0	0	0	0
51_164346	0	0	0	0	0	0	0	1	0	0	0	0
75_285986	0	0	0	0	0	0	0	1	0	0	0	0
75_95013	0	0	0	0	0	0	0	1	0	0	0	0
54_227320	0	0	0	0	0	0	0	1	0	0	0	0
75.2_289828	0	0	0	0	0	0	0	1	0	0	0	0
68.2_184100	0	0	0	0	0	0	0	1	0	0	0	0
75.2_292942	0	0	0	0	0	0	0	1	0	0	0	0
74.2_77630	0	0	0	0	0	0	0	1	0	0	0	0
77_680565	0	0	0	0	0	0	0	0	0	0	1	0
75_701479	0	0	0	0	0	0	0	1	0	0	0	0
30_65729	0	0	0	0	0	0	0	1	0	0	0	0
52_917	0	0	0	0	0	0	0	1	0	0	0	0
75.2_329479	0	0	0	0	0	0	0	1	0	0	0	0
21_3161	0	0	0	0	0	0	1	0	0	0	0	0
75_178474	0	0	0	0	0	0	0	1	0	0	0	0
21_127358	0	0	0	0	0	0	1	0	0	0	0	0
24_50210	0	0	0	0	0	0	0	1	0	0	0	0
75_206938	0	0	0	0	0	0	0	1	0	0	0	0
68.2_143481	0	0	0	0	0	0	0	1	0	0	0	0
76_553898	0	0	0	0	0	0	0	1	0	0	0	0
75_97136	0	0	0	0	0	0	0	1	0	0	0	0
72_81591	0	0	0	0	0	0	0	1	0	0	0	0
75_259430	0	0	0	0	0	0	0	1	0	0	0	0
75.2_262884	0	0	0	0	0	0	0	1	0	0	0	0
70_11260	0	0	0	0	0	0	0	1	0	0	0	0
41_13188	0	0	0	0	0	0	0	1	0	0	0	0
80_15808	0	0	0	0	0	0	0	0	0	0	1	0
21_17074	0	0	0	0	0	0	1	0	0	0	0	0
44_688	0	0	0	0	0	1	0	0	0	0	0	0
83_698	0	0	0	0	0	1	0	0	0	0	0	0
15_1603	0	0	0	0	0	1	0	0	0	0	0	0
39_21234	0	0	0	0	0	0	0	0	0	0	1	0
62_2418	0	0	0	0	0	1	0	0	0	0	0	0
55_8273	0	0	0	0	0	0	0	0	0	0	1	0
76.2_3144	0	0	0	0	2	0	0	0	0	0	0	0
53_588	0	0	0	0	0	1	0	0	0	0	0	0
50_3685	0	0	0	0	0	1	0	0	0	0	0	0
72_1142	0	0	0	0	0	1	0	0	0	0	0	0
1_12933	0	0	0	0	0	1	0	0	0	0	0	0
19_22645	0	0	0	0	0	1	0	0	0	0	0	0
10_2882	0	0	0	0	0	0	0	1	0	0	0	0
72.2_54133	0	0	0	0	0	1	0	0	0	0	0	0
72_6428	0	0	0	0	0	0	0	1	0	0	0	0
71.2_110133	0	0	0	0	0	0	0	1	0	0	0	0
71.2_12309	0	0	0	0	0	0	0	1	0	0	0	0
39_12505	0	0	0	0	0	1	0	0	0	0	0	0
41_8001	0	0	0	0	0	1	0	0	0	0	0	0
98_3444	0	0	0	0	0	0	1	0	0	0	0	0
106_6170	0	0	0	0	0	0	0	1	0	0	0	0
79_106910	0	0	0	0	0	1	0	0	0	0	0	0
50_55234	0	0	0	0	0	1	0	0	0	0	0	0
75_10003	0	0	0	0	0	0	0	1	0	0	0	0
58_32240	0	0	0	0	0	0	0	0	0	0	1	0
91_155	0	0	0	0	0	1	0	0	0	0	0	0
58_3345	0	0	0	0	0	0	0	0	0	0	1	0
37_15519	0	0	0	0	0	0	0	1	0	0	0	0
71_17849	0	0	0	0	0	0	0	1	0	0	0	0
96_749	0	0	0	0	0	1	0	0	0	0	0	0
67.2_4713	0	0	0	0	0	0	1	0	0	0	0	0
76.2_328	0	0	0	0	0	0	0	0	0	0	1	0
58_237	0	0	0	0	0	0	0	0	0	0	1	0
25_12952	0	0	0	0	0	0	0	1	0	0	0	0
7_33496	0	0	0	0	0	0	0	0	0	0	1	0
13_786	0	0	0	0	0	1	0	0	0	0	0	0
21_26028	0	0	0	0	0	0	1	0	0	0	0	0
77_48255	0	0	0	0	0	0	0	1	0	0	0	0
71_31943	0	0	0	0	0	0	0	1	0	0	0	0
75.2_514509	0	0	0	0	0	0	0	1	0	0	0	0
75_607666	0	0	0	0	0	0	0	1	0	0	0	0
68.2_113333	0	0	0	0	0	0	0	1	0	0	0	0
13_48745	0	0	0	0	0	1	0	0	0	0	0	0
3_194782	0	0	0	0	0	0	0	1	0	0	0	0
72_112356	0	0	0	0	0	0	0	1	0	0	0	0
96_112234	0	0	0	0	0	0	1	0	0	0	0	0
75.2_479419	0	0	0	0	0	0	0	1	0	0	0	0
71_51646	0	0	0	0	0	0	0	1	0	0	0	0
75.2_107880	0	0	0	0	0	0	0	1	0	0	0	0
75_5155	0	0	0	0	0	0	0	1	0	0	0	0
3_168278	0	0	0	0	0	0	0	1	0	0	0	0
73.2_304654	0	0	0	0	0	0	0	1	0	0	0	0
44_23879	0	0	0	0	0	0	0	1	0	0	0	0
94_20899	0	0	0	0	0	0	0	1	0	0	0	0
71.2_216933	0	0	0	0	0	0	0	1	0	0	0	0
71.2_1556	0	0	0	0	0	0	0	1	0	0	0	0
76_27293	0	0	0	0	0	0	0	1	0	0	0	0
73_229206	0	0	0	0	0	0	0	1	0	0	0	0
91_135245	0	0	0	0	0	0	0	1	0	0	0	0
19_267735	0	0	0	0	0	1	0	0	0	0	0	0
75_52873	0	0	0	0	0	0	0	1	0	0	0	0
72_49914	0	0	0	0	0	0	0	1	0	0	0	0
75.2_136785	0	0	0	0	0	0	0	1	0	0	0	0
26_62017	0	0	0	0	0	1	0	0	0	0	0	0
1_11013	0	0	0	0	0	1	0	0	0	0	0	0
2_416912	0	0	0	0	0	0	0	1	0	0	0	0
21_60408	0	0	0	0	0	0	1	0	0	0	0	0
71_17728	0	0	0	0	0	0	0	1	0	0	0	0
74_3136	0	0	0	0	0	0	0	1	0	0	0	0
98_281552	0	0	0	0	0	0	0	1	0	0	0	0
75.2_51196	0	0	0	0	0	0	0	1	0	0	0	0
71.2_181253	0	0	0	0	0	0	0	1	0	0	0	0
75_39415	0	0	0	0	0	0	0	1	0	0	0	0
76.2_595325	0	0	0	0	0	0	0	1	0	0	0	0
71.2_95816	0	0	0	0	0	0	0	1	0	0	0	0
68_179070	0	0	0	0	0	0	0	1	0	0	0	0
71.2_583763	0	0	0	0	0	0	0	1	0	0	0	0
72.2_13077	0	0	0	0	0	0	0	1	0	0	0	0
75.2_280335	0	0	0	0	0	0	0	1	0	0	0	0
71_42294	0	0	0	0	0	0	0	1	0	0	0	0
76.2_758185	0	0	0	0	0	0	0	1	0	0	0	0
76_407042	0	0	0	0	0	0	0	1	0	0	0	0
75_560679	0	0	0	0	0	0	0	1	0	0	0	0
75.2_71486	0	0	0	0	0	0	0	1	0	0	0	0
75.2_183878	0	0	0	0	0	0	0	1	0	0	0	0
42_1132338	0	0	0	0	0	0	0	1	0	0	0	0
75_667280	0	0	0	0	0	0	0	1	0	0	0	0
61_665473	0	0	0	0	0	0	0	0	0	0	1	0
99_101821	0	0	0	0	0	1	0	0	0	0	0	0
71.2_302844	0	0	0	0	0	0	0	1	0	0	0	0
21_109344	0	0	0	0	0	0	1	0	0	0	0	0
75_413615	0	0	0	0	0	0	0	1	0	0	0	0
75_806075	0	0	0	0	0	0	0	1	0	0	0	0
73.2_14519	0	0	0	0	0	0	0	1	0	0	0	0
73.2_251326	0	0	0	0	0	0	0	1	0	0	0	0
9_7098	0	0	0	0	0	1	0	0	0	0	0	0
21_227335	0	0	0	0	0	0	1	0	0	0	0	0
71_107103	0	0	0	0	0	0	0	1	0	0	0	0
77_184548	0	0	0	0	0	0	0	1	0	0	0	0
75_344709	0	0	0	0	0	0	0	1	0	0	0	0
73.2_281994	0	0	0	0	0	0	0	1	0	0	0	0
74.2_358618	0	0	0	0	0	0	0	1	0	0	0	0
22_107952	0	0	0	0	0	0	0	1	0	0	0	0
50_27986	0	0	0	0	0	0	0	1	0	0	0	0
71_107549	0	0	0	0	0	0	0	1	0	0	0	0
41_27716	0	0	0	0	0	1	0	0	0	0	0	0
102_18095	0	0	0	0	0	0	0	0	0	0	1	0
75_62705	0	0	0	0	0	0	0	1	0	0	0	0
39_2753	0	0	0	0	0	0	0	1	0	0	0	0
25_28649	0	0	0	0	0	0	0	1	0	0	0	0
55_60795	0	0	0	0	0	0	0	1	0	0	0	0
106_43203	0	0	0	0	0	1	0	0	0	0	0	0
71.2_49379	0	0	0	0	0	0	0	1	0	0	0	0
71.2_130107	0	0	0	0	0	0	0	1	0	0	0	0
39_24069	0	0	0	0	0	1	0	0	0	0	0	0
3_33884	0	0	0	0	0	0	0	1	0	0	0	0
72_32587	0	0	0	0	0	0	0	1	0	0	0	0
71.2_25098	0	0	0	0	0	0	0	1	0	0	0	0
72.2_27813	0	0	0	0	0	1	0	0	0	0	0	0
41_8243	0	0	0	0	0	1	0	0	0	0	0	0
71_2331	0	0	0	0	0	0	0	1	0	0	0	0
71_22127	0	0	0	0	0	0	0	1	0	0	0	0
28_8077	0	0	0	0	0	1	0	0	0	0	0	0
96_41422	0	0	0	0	0	1	0	0	0	0	0	0
65_5056	0	0	0	0	0	1	0	0	0	0	0	0
98_22596	0	0	0	0	0	1	0	0	0	0	0	0
73.2_9639	0	0	0	0	0	0	0	1	0	0	0	0
71_105972	0	0	0	0	0	0	0	1	0	0	0	0
67_27953	0	0	0	0	0	1	0	0	0	0	0	0
7_49588	0	0	0	0	0	0	0	0	0	0	1	0
41_38593	0	0	0	0	0	1	0	0	0	0	0	0
28_27042	0	0	0	0	0	1	0	0	0	0	0	0
71.2_19331	0	0	0	0	0	0	0	1	0	0	0	0
65_19189	0	0	0	0	0	1	0	0	0	0	0	0
73_91062	0	0	0	0	0	0	0	1	0	0	0	0
39_61495	0	0	0	0	0	1	0	0	0	0	0	0
71.2_6060	0	0	0	0	0	0	0	1	0	0	0	0
72_201793	0	0	0	0	0	0	0	1	0	0	0	0
73_20582	0	0	0	0	0	0	0	1	0	0	0	0
43_19578	0	0	0	0	0	0	1	0	0	0	0	0
75_251312	0	0	0	0	0	0	0	1	0	0	0	0
55_52197	0	0	0	0	0	0	0	1	0	0	0	0
75_211742	0	0	0	0	0	0	0	1	0	0	0	0
61_214122	0	0	0	0	0	0	0	1	0	0	0	0
71_355731	0	0	0	0	0	0	0	1	0	0	0	0
3_140280	0	0	0	0	0	0	0	1	0	0	0	0
72_60642	0	0	0	0	0	0	0	1	0	0	0	0
77.2_199615	0	0	0	0	0	0	0	1	0	0	0	0
71.2_125925	0	0	0	0	0	0	0	1	0	0	0	0
21_18715	0	0	0	0	0	0	1	0	0	0	0	0
76.2_101177	0	0	0	0	0	0	0	1	0	0	0	0
72_94358	0	0	0	0	0	0	1	0	0	0	0	0
43_2973	0	0	0	0	0	0	0	1	0	0	0	0
75.2_2349	0	0	0	0	0	0	0	1	0	0	0	0
71_6491	0	0	0	0	0	0	0	1	0	0	0	0
72_51967	0	0	0	0	0	0	0	1	0	0	0	0
70_47581	0	0	0	0	0	0	0	1	0	0	0	0
3_120000	0	0	0	0	0	0	0	1	0	0	0	0
76.2_75806	0	0	0	0	0	0	0	0	0	0	1	0
71_23555	0	0	0	0	0	0	0	1	0	0	0	0
71.2_212536	0	0	0	0	0	0	0	1	0	0	0	0
77.2_21444	0	0	0	0	0	0	0	1	0	0	0	0
75_549789	0	0	0	0	0	0	0	1	0	0	0	0
73_68150	0	0	0	0	0	0	0	1	0	0	0	0
73_61856	0	0	0	0	0	0	0	1	0	0	0	0
68.2_62622	0	0	0	0	0	0	0	1	0	0	0	0
75_299193	0	0	0	0	0	0	0	1	0	0	0	0
72_567626	0	0	0	0	0	0	0	1	0	0	0	0
75.2_111134	0	0	0	0	0	0	0	1	0	0	0	0
73_389939	0	0	0	0	0	0	0	1	0	0	0	0
71_154036	0	0	0	0	0	0	0	1	0	0	0	0
71_140420	0	0	0	0	0	0	0	1	0	0	0	0
75_240996	0	0	0	0	0	0	0	1	0	0	0	0
68.2_263328	0	0	0	0	0	0	0	1	0	0	0	0
76.2_706783	0	0	0	0	0	0	0	1	0	0	0	0
75_640464	0	0	0	0	0	0	0	1	0	0	0	0
75_879469	0	0	0	0	0	0	0	1	0	0	0	0
75.2_876477	0	0	0	0	0	0	0	1	0	0	0	0
68.2_107510	0	0	0	0	0	0	0	1	0	0	0	0
75_273092	0	0	0	0	0	0	0	1	0	0	0	0
75_162716	0	0	0	0	0	0	0	1	0	0	0	0
75_40095	0	0	0	0	0	0	0	1	0	0	0	0
72_31722	0	0	0	0	0	0	0	1	0	0	0	0
68.2_278614	0	0	0	0	0	0	0	1	0	0	0	0
77.2_29118	0	0	0	0	0	0	0	1	0	0	0	0
71.2_249658	0	0	0	0	0	0	0	1	0	0	0	0
74.2_102803	0	0	0	0	0	0	0	1	0	0	0	0
72.2_149733	0	0	0	0	0	0	0	1	0	0	0	0
73.2_734325	0	0	0	0	0	0	0	1	0	0	0	0
74.2_335597	0	0	0	0	0	0	0	1	0	0	0	0
75_246088	0	0	0	0	0	0	0	1	0	0	0	0
77.2_64641	0	0	0	0	0	0	0	1	0	0	0	0
21_79111	0	0	0	0	0	0	1	0	0	0	0	0
68.2_337007	0	0	0	0	0	0	0	1	0	0	0	0
75.2_1045350	0	0	0	0	0	0	0	1	0	0	0	0
73_708790	0	0	0	0	0	0	0	1	0	0	0	0
68.2_801681	0	0	0	0	0	0	0	1	0	0	0	0
3_1359292	0	0	0	0	0	0	0	1	0	0	0	0
71.2_630918	0	0	0	0	0	0	0	1	0	0	0	0
75_449484	0	0	0	0	0	0	0	1	0	0	0	0
75_652531	0	0	0	0	0	0	0	1	0	0	0	0
75_117403	0	0	0	0	0	0	0	1	0	0	0	0
75_109673	0	0	0	0	0	0	0	1	0	0	0	0
11_64110	0	0	0	0	0	0	0	1	0	0	0	0
75_100302	0	0	0	0	0	0	0	1	0	0	0	0
10_814597	0	0	0	0	0	0	0	1	0	0	0	0
75_813003	0	0	0	0	0	0	0	1	0	0	0	0
68.2_10194	0	0	0	0	0	0	0	1	0	0	0	0
73_676867	0	0	0	0	0	0	0	1	0	0	0	0
75_188502	0	0	0	0	0	0	0	1	0	0	0	0
72_157744	0	0	0	0	0	0	0	1	0	0	0	0
75_191870	0	0	0	0	0	0	0	1	0	0	0	0
68.2_189543	0	0	0	0	0	0	0	1	0	0	0	0
75.2_302282	0	0	0	0	0	0	0	1	0	0	0	0
77.2_229726	0	0	0	0	0	0	0	1	0	0	0	0
2_148868	0	0	0	0	0	0	0	1	0	0	0	0
75_124341	0	0	0	0	0	0	0	1	0	0	0	0
75_216934	0	0	0	0	0	0	0	1	0	0	0	0
52_286188	0	0	0	0	0	0	0	1	0	0	0	0
75_21324	0	0	0	0	0	0	0	1	0	0	0	0
68.2_511029	0	0	0	0	0	0	0	1	0	0	0	0
75.2_233159	0	0	0	0	0	0	0	1	0	0	0	0
68.2_277991	0	0	0	0	0	0	0	1	0	0	0	0
2_626312	0	0	0	0	0	0	0	1	0	0	0	0
68.2_239412	0	0	0	0	0	0	0	1	0	0	0	0
73_27029	0	0	0	0	0	1	0	0	0	0	0	0
71.2_56913	0	0	0	0	0	0	0	1	0	0	0	0
71_194189	0	0	0	0	0	0	0	1	0	0	0	0
75_82351	0	0	0	0	0	0	0	1	0	0	0	0
3_9887	0	0	0	0	0	0	0	1	0	0	0	0
70.2_254597	0	0	0	0	0	1	0	0	0	0	0	0
71.2_52771	0	0	0	0	0	0	0	1	0	0	0	0
72_112341	0	0	0	0	0	0	0	1	0	0	0	0
76_102907	0	0	0	0	0	0	0	1	0	0	0	0
39_51848	0	0	0	0	0	1	0	0	0	0	0	0
74.2_115355	0	0	0	0	0	0	0	1	0	0	0	0
75_111924	0	0	0	0	0	0	0	1	0	0	0	0
59_148573	0	0	0	0	0	0	0	1	0	0	0	0
26_238098	0	0	0	0	0	0	0	1	0	0	0	0
39_15740	0	0	0	0	0	0	1	0	0	0	0	0
79_3533	0	0	0	0	0	0	0	1	0	0	0	0
72.2_7632	0	0	0	0	0	0	0	1	0	0	0	0
72.2_101889	0	0	0	0	0	1	0	0	0	0	0	0
75.2_18717	0	0	0	0	0	0	0	1	0	0	0	0
19_550	0	0	0	0	0	1	0	0	0	0	0	0
3_21511	0	0	0	0	0	0	0	1	0	0	0	0
70.2_80368	0	0	0	0	0	0	1	0	0	0	0	0
70_84114	0	0	0	0	0	1	0	0	0	0	0	0
83_91603	0	0	0	0	0	0	1	0	0	0	0	0
71_2910	0	0	0	0	0	0	0	1	0	0	0	0
44_59783	0	0	0	0	0	1	0	0	0	0	0	0
2_57866	0	0	0	0	0	0	0	1	0	0	0	0
3_54103	0	0	0	0	0	0	0	0	0	0	1	0
50_5308	0	0	0	0	0	0	1	0	0	0	0	0
72_12468	0	0	0	0	0	1	0	0	0	0	0	0
70_101248	0	0	0	0	0	0	0	0	0	0	1	0
70_44658	0	0	0	0	0	1	0	0	0	0	0	0
80_22431	0	0	0	0	0	0	0	1	0	0	0	0
71_85105	0	0	0	0	0	0	0	1	0	0	0	0
73.2_4462	0	0	0	0	0	0	0	1	0	0	0	0
75_66275	0	0	0	0	0	0	0	1	0	0	0	0
58_54785	0	0	0	0	0	0	0	1	0	0	0	0
75_97766	0	0	0	0	0	0	0	1	0	0	0	0
38_5017	0	0	0	0	0	0	0	1	0	0	0	0
73.2_103184	0	0	0	0	0	0	0	0	0	0	1	0
71_46502	0	0	0	0	0	0	0	1	0	0	0	0
76_266612	0	0	0	0	0	0	0	1	0	0	0	0
3_15875	0	0	0	0	0	0	0	1	0	0	0	0
75.2_823	0	0	0	0	0	0	0	1	0	0	0	0
68_152495	0	0	0	0	0	0	0	1	0	0	0	0
75.2_494825	0	0	0	0	0	0	0	1	0	0	0	0
77.2_2076	0	0	0	0	0	0	0	1	0	0	0	0
71_95976	0	0	0	0	0	0	0	1	0	0	0	0
21_11134	0	0	0	0	0	0	1	0	0	0	0	0
3_107782	0	0	0	0	0	0	0	1	0	0	0	0
1_21431	0	0	0	0	0	0	1	0	0	0	0	0
67_265326	0	0	0	0	0	1	0	0	0	0	0	0
2_37647	0	0	0	0	0	0	0	1	0	0	0	0
72.2_306767	0	0	0	0	0	0	0	1	0	0	0	0
73_48617	0	0	0	0	0	0	0	1	0	0	0	0
28_91509	0	0	0	0	0	1	0	0	0	0	0	0
3_216154	0	0	0	0	0	0	0	1	0	0	0	0
10_34349	0	0	0	0	0	0	0	1	0	0	0	0
71_253954	0	0	0	0	0	0	0	1	0	0	0	0
77_112753	0	0	0	0	0	0	0	1	0	0	0	0
68_130263	0	0	0	0	0	0	0	1	0	0	0	0
77.2_2589	0	0	0	0	0	0	0	1	0	0	0	0
53_128914	0	0	0	0	0	1	0	0	0	0	0	0
68.2_1224785	0	0	0	0	0	0	0	1	0	0	0	0
71.2_7339	0	0	0	0	0	0	0	1	0	0	0	0
75_564933	0	0	0	0	0	0	0	1	0	0	0	0
11_353200	0	0	0	0	0	0	0	1	0	0	0	0
77_516224	0	0	0	0	0	0	0	1	0	0	0	0
75.2_118607	0	0	0	0	0	0	0	1	0	0	0	0
75_172054	0	0	0	0	0	0	0	1	0	0	0	0
75_602011	0	0	0	0	0	0	0	1	0	0	0	0
42_724368	0	0	0	0	0	0	0	1	0	0	0	0
68_555550	0	0	0	0	0	0	0	1	0	0	0	0
75.2_92161	0	0	0	0	0	0	0	1	0	0	0	0
71.2_44164	0	0	0	0	0	0	0	1	0	0	0	0
68.2_71085	0	0	0	0	0	0	0	1	0	0	0	0
42_67502	0	0	0	0	0	0	0	1	0	0	0	0
42_185443	0	0	0	0	0	0	0	1	0	0	0	0
11_185993	0	0	0	0	0	0	0	1	0	0	0	0
75.2_237333	0	0	0	0	0	0	0	1	0	0	0	0
68.2_499145	0	0	0	0	0	0	0	1	0	0	0	0
68.2_260314	0	0	0	0	0	0	0	1	0	0	0	0
75.2_443414	0	0	0	0	0	0	0	1	0	0	0	0
75_391404	0	0	0	0	0	0	0	1	0	0	0	0
21_683306	0	0	0	0	0	0	1	0	0	0	0	0
21_480377	0	0	0	0	0	0	1	0	0	0	0	0
75_150254	0	0	0	0	0	0	0	1	0	0	0	0
75_140676	0	0	0	0	0	0	0	1	0	0	0	0
68.2_120765	0	0	0	0	0	0	0	1	0	0	0	0
68.2_746767	0	0	0	0	0	0	0	1	0	0	0	0
71_879701	0	0	0	0	0	0	0	1	0	0	0	0
75_330355	0	0	0	0	0	0	0	1	0	0	0	0
26_564310	0	0	0	0	0	0	0	1	0	0	0	0
68.2_365925	0	0	0	0	0	0	0	1	0	0	0	0
37_52361	0	0	0	0	0	0	0	1	0	0	0	0
75_866875	0	0	0	0	0	0	0	1	0	0	0	0
68.2_766393	0	0	0	0	0	0	0	1	0	0	0	0
75.2_147465	0	0	0	0	0	0	0	1	0	0	0	0
68.2_854108	0	0	0	0	0	0	0	1	0	0	0	0
68.2_143221	0	0	0	0	0	0	0	1	0	0	0	0
75_40901	0	0	0	0	0	0	0	1	0	0	0	0
75.2_157322	0	0	0	0	0	0	0	1	0	0	0	0
68.2_81869	0	0	0	0	0	0	0	1	0	0	0	0
73_771557	0	0	0	0	0	0	0	1	0	0	0	0
68.2_1372241	0	0	0	0	0	0	0	1	0	0	0	0
71_136366	0	0	0	0	0	0	0	1	0	0	0	0
41_776107	0	0	0	0	0	1	0	0	0	0	0	0
72.2_129414	0	0	0	0	0	0	0	1	0	0	0	0
74_326816	0	0	0	0	0	0	0	1	0	0	0	0
75.2_1561901	0	0	0	0	0	0	0	1	0	0	0	0
75.2_728326	0	0	0	0	0	0	0	1	0	0	0	0
75_456829	0	0	0	0	0	0	0	1	0	0	0	0
75.2_459541	0	0	0	0	0	0	0	1	0	0	0	0
73_1156624	0	0	0	0	0	0	0	1	0	0	0	0
75_290588	0	0	0	0	0	0	0	1	0	0	0	0
68.2_404229	0	0	0	0	0	0	0	1	0	0	0	0
68.2_256522	0	0	0	0	0	0	0	1	0	0	0	0
75.2_420606	0	0	0	0	0	0	0	1	0	0	0	0
75_759778	0	0	0	0	0	0	0	1	0	0	0	0
21_338160	0	0	0	0	0	0	1	0	0	0	0	0
39_681284	0	0	0	0	0	1	0	0	0	0	0	0
